>RUN    
File :$.doc.helptext
        32               26058   16.8771616
        33   !               1   6.47676783E-4
        34   "             211   0.136659801
        35   #              23   0.014896566
        37   %              14   9.06747497E-3
        38   &              13   8.41979819E-3
        39   '             270   0.174872731
        40   (              96   0.0621769712
        41   )              96   0.0621769712
        42   *             143   0.09261778
        43   +               1   6.47676783E-4
        44   ,             765   0.495472739
        45   -             376   0.243526471
        46   .            1744   1.12954831
        47   /              35   0.0226686874
        48   0             230   0.14896566
        49   1             187   0.121115558
        50   2             117   0.0757781836
        51   3              89   0.0576432337
        52   4              69   0.0446896981
        53   5              73   0.0472804052
        54   6              53   0.0343268695
        55   7              44   0.0284977785
        56   8              60   0.038860607
        57   9              40   0.0259070713
        58   :             177   0.114638791
        59   ;              16   0.0103628285
        60   <             172   0.111400407
        61   =               5   3.23838392E-3
        62   >             173   0.112048084
        63   ?              13   8.41979819E-3
        64   @              21   0.0136012124
        65   A             421   0.272671926
        66   B              95   0.0615292944
        67   C             265   0.171634348
        68   D             206   0.133421417
        69   E             272   0.176168085
        70   F             165   0.106866669
        71   G             164   0.106218992
        72   H             215   0.139250508
        73   I             367   0.237697379
        75   K              49   0.0317361624
        76   L             118   0.0764258604
        77   M             154   0.0997422246
        78   N             234   0.151556367
        79   O             150   0.0971515175
        80   P             192   0.124353942
        81   Q              16   0.0103628285
        82   R             201   0.130183033
        83   S             257   0.166452933
        84   T             610   0.395082838
        85   U              88   0.0569955569
        86   V              24   0.0155442428
        87   W             119   0.0770735372
        88   X               2   1.29535357E-3
        89   Y             157   0.101685255
        90   Z               3   1.94303035E-3
        91   [              71   0.0459850516
        93   ]              71   0.0459850516
        97   a            9261   5.99813469
        98   b            1612   1.04405497
        99   c            3754   2.43137864
       100   d            3376   2.18655682
       101   e           15061   9.75466003
       102   f            2623    1.6988562
       103   g            2065   1.33745256
       104   h            5465   3.53955362
       105   i            7864   5.09333022
       106   j              37   0.023964041
       107   k             612   0.396378191
       108   l            4788   3.10107644
       109   m            2652   1.71763883
       110   n            7546   4.88736901
       111   o            8934   5.78634438
       112   p            3006   1.94691641
       113   q             144   0.0932654568
       114   r            7298   4.72674517
       115   s            7081    4.5861993
       116   t           10922   7.07392583
       117   u            3390    2.1956243
       118   v            1131   0.732522442
       119   w            1868   1.20986023
       120   x             431   0.279148694
       121   y            2616   1.69432247
       122   z              52   0.0336791927
       123   {             711   0.460498193
       125   }             712   0.46114587
>*sp.
